 <pre>

 Contingency table for Low clouds (octas)
 Selection: ALL    143 stations
Period: 20200203-20200217
Used {00,12} + 01 02 ... 24
 Limits    1.00000000       2.00000000       3.00000000       4.00000000       5.00000000       6.00000000       7.00000000    
 Each class is data <= limit, the very last > last limit
 Total number of values       83237
                                              OBSERVATION
                                  12646     3931     3468     2779     2435     2283     3236     1604 |     32382
                                    630      412      408      342      331      298      465      164 |      3050
                                    448      265      298      258      228      232      363      131 |      2223
                       RFRMIN1      386      219      245      251      221      197      317      112 |      1948
                                    319      231      236      201      209      200      351      123 |      1870
                                    368      223      259      241      236      249      390      154 |      2120
                                    532      381      377      338      310      356      608      255 |      3157
                                   2621     3140     3417     3553     3858     4736     9480     5682 |     36487

                    SUM           17950     8802     8708     7963     7828     8551    15210     8225 |     83237
                                              OBSERVATION
                                  12844     4003     3636     2917     2537     2340     3264     1478 |     33019
                                    572      365      387      359      307      303      454      142 |      2889
                                    418      246      289      251      219      257      364      141 |      2185
                  RFRMIN1_Wopt      372      207      248      201      201      217      338      139 |      1923
                                    340      215      212      193      201      196      323      120 |      1800
                                    368      253      269      232      229      231      382      152 |      2116
                                    491      356      361      349      332      356      590      266 |      3101
                                   2545     3157     3306     3461     3802     4651     9495     5787 |     36204

                    SUM           17950     8802     8708     7963     7828     8551    15210     8225 |     83237
                                              OBSERVATION
                                  12454     3749     3406     2666     2329     2182     3119     1489 |     31394
                                    615      388      363      323      313      302      428      149 |      2881
                                    438      266      265      262      260      252      383      133 |      2259
            RFRMIN1_Wopt_Moist      389      220      238      233      177      209      315      130 |      1911
                                    363      246      218      210      185      200      330      106 |      1858
                                    379      219      262      249      232      219      382      141 |      2083
                                    502      374      433      381      378      365      601      251 |      3285
                                   2810     3340     3523     3639     3954     4822     9652     5826 |     37566

                    SUM           17950     8802     8708     7963     7828     8551    15210     8225 |     83237

