 <pre>

 Contingency table for Low clouds (octas)
 Selection: ALL    143 stations
Period: 20200203-20200217
Used {12} + 01 02 ... 24
 Limits    1.00000000       2.00000000       3.00000000       4.00000000       5.00000000       6.00000000       7.00000000    
 Each class is data <= limit, the very last > last limit
 Total number of values       41576
                                              OBSERVATION
                                   6302     1916     1697     1397     1209     1145     1622      790 |     16078
                                    329      224      232      151      162      160      225       94 |      1577
                                    214      147      152      132      121      111      183       59 |      1119
                       RFRMIN1      192      111      113      133      116      101      144       59 |       969
                                    181      114      123      103       94       92      181       63 |       951
                                    196      105      130      124      125      119      204       77 |      1080
                                    245      198      191      177      149      176      312      129 |      1577
                                   1322     1585     1704     1761     1942     2366     4714     2831 |     18225

                    SUM            8981     4400     4342     3978     3918     4270     7585     4102 |     41576
                                              OBSERVATION
                                   6406     1991     1846     1422     1256     1188     1645      723 |     16477
                                    291      171      189      185      163      139      210       75 |      1423
                                    217      127      153      139      106      127      170       71 |      1110
                  RFRMIN1_Wopt      202       95      123      104      103      121      174       76 |       998
                                    174      121      114       92       99       96      158       62 |       916
                                    189      135      134      115      112      113      200       66 |      1064
                                    231      171      163      179      180      163      299      145 |      1531
                                   1271     1589     1620     1742     1899     2323     4729     2884 |     18057

                    SUM            8981     4400     4342     3978     3918     4270     7585     4102 |     41576
                                              OBSERVATION
                                   6196     1839     1682     1300     1146     1112     1564      740 |     15579
                                    323      198      191      166      144      159      198       72 |      1451
                                    223      139      127      134      139      123      180       63 |      1128
            RFRMIN1_Wopt_Moist      202      122      118      117       94      116      147       72 |       988
                                    197      127      110      101       84       90      161       55 |       925
                                    186       97      141      127      125      112      201       66 |      1055
                                    250      207      217      192      207      175      302      124 |      1674
                                   1404     1671     1756     1841     1979     2383     4832     2910 |     18776

                    SUM            8981     4400     4342     3978     3918     4270     7585     4102 |     41576

